
La matriz de 10 X 25
El rango de los valores es 0.0 - 5.0

0.82   4.61   4.49   3.57   2.96   4.48   1.87   4.37   3.48   1.30   1.08   2.51   0.34   3.40   4.25   2.89   3.28   0.33   0.71   4.19   2.46   0.28   1.57   0.33   1.33   
3.31   4.72   1.19   1.02   3.20   4.40   1.50   3.31   3.09   2.65   3.48   4.75   2.80   0.25   2.71   2.26   2.43   3.26   0.42   3.33   3.18   0.91   3.97   1.26   2.84   
1.82   1.27   3.60   3.15   4.25   4.39   2.29   0.56   0.58   4.91   2.43   3.11   3.07   2.35   2.17   2.44   4.85   0.89   2.07   3.15   0.27   0.61   4.08   1.22   4.78   
0.88   4.44   3.79   3.99   4.23   1.99   4.02   4.79   2.80   4.85   4.26   0.29   0.03   1.18   2.46   4.50   2.82   0.76   0.42   2.02   2.93   3.86   1.50   1.34   0.47   
0.74   4.36   3.16   2.23   0.09   2.68   1.56   2.69   4.11   1.37   0.68   1.67   2.72   1.75   1.91   3.18   0.48   3.09   4.48   4.91   1.10   3.11   2.91   2.49   3.43   
1.03   3.96   3.38   3.11   2.90   0.86   0.33   0.44   3.96   1.47   3.23   1.58   1.69   4.64   2.11   2.94   2.29   2.82   1.00   4.05   1.99   0.26   4.70   0.62   0.09   
3.38   4.31   3.98   3.36   2.84   3.88   0.07   3.03   3.70   0.55   4.14   4.41   2.95   3.92   4.99   2.84   1.95   2.70   0.84   3.55   2.24   1.54   2.73   0.46   3.06   
0.97   4.34   3.69   4.46   3.69   3.24   2.21   1.24   1.95   4.77   1.25   4.39   0.52   1.81   4.72   3.41   2.25   0.83   0.05   0.42   0.36   4.08   2.82   1.28   4.04   
1.44   2.55   1.38   2.51   4.24   3.60   2.35   3.41   1.73   4.74   3.28   4.50   4.60   1.84   2.36   1.09   4.22   1.54   4.90   3.21   0.23   0.13   4.66   2.89   1.96   
3.68   1.18   2.99   2.59   4.03   2.12   4.18   0.50   4.04   2.36   4.28   0.45   3.61   3.92   2.43   3.05   1.06   1.16   4.68   2.65   4.51   2.53   4.00   0.70   0.33   
